PCE
16.945
17.795
15.397
13.878
13.753
14.9
15.873
16.966
15.987
17.634
16.929
16.859
18.548
16.874
15.283
17.592
17.609
15.406
17.353
16.049
14.549
16.098
14.314
15.685
17.84
16.189
14.095
15.219
15.784
17.024
17.519
16.835
17.484
16.629
17.716
18.72
17.82
15.271
14.264
14.634
15.661
13.997
13.207
12.933
14.373
17.515
16.584
17.211
17.98
16.764
15.71
17.468
17.404
16.25
15.862
16.427
15.372
13.295
15.003
12.912
14.327
15.398
12.914
17.226
15.235
16.504
15.415
14.907
15.861
16.299
16.399
15.411
14.216
15.009
13.537
14.305
14.557
15.786
17.637
16.136
17.025
16.98
17.114
15.653
15.296
16.732
15.357
15.35
16.107
14.429
14.134
15.904
15.062
15.875
16.55
16.156
14.408
16.248
16.942
15.677
16.933
13.361
14.963
13.851
14.847
16.71
16.886
15.809
17.64
13.676
14.406
17.481
17.262
15.668
14.42
15.204
17.382
14.393
12.706
16.005
14.701
18
15.838
15.269
18.103
14.804
18.211
14.663
14.186
16.442
14.686
16.825
13.282
16.664
15.959
18.134
17.855
16.964
16.441
16.777
15.365
14.821
16.005
15.247
15.365
17.153
15.879
12.427
15.905
16.849
17.129
14.825
17.712
16.878
17.682
17.202
18.64
17.388
15.576
15.751
16.313
17.832
16.322
17.648
18.49
18.088
17.554
16.039
17.417
16.518
17.322
18.027
18.71
17.644
17.625
18.012
18.561
15.784
17.024
17.519
16.835
17.484
16.629
17.716
18.72
17.82
17.545
18.189
18.325
17.601
16.403
17.208
18.144
17.441
18.642
19.492
18.53
17.854
18.273
17.473
17.546
18.136
17.788
17.133
17.354
17.945
19.922
19.177
17.92
17.698
18.3
18.173
17.465
16.963
17.474
18.097
17.308
18.776
19.509
18.37
17.655
18.247
17.851
18.419
18.438
17.654
17.161
17.694
18.707
17.898
17.84
18.498
18.768
18.016
19.201
20.076
21.136
20.002
18.18
19.112
10.715
19.534
18.603
19.345
19.514
18.48
17.618
18.733
19.081
17.95
18.379
17.926
15.55
16.642
16.943
18.435
18.046
16.914
